version https://git-lfs.github.com/spec/v1
oid sha256:fd2121faefe8fd1286d788501ada359328f8c3511e1792a05a33cc8302636183
size 11039
